{
  "advancedEditorSelectedIdentifier" : "ProjectBrowser",
  "openSceneRelativePaths" : [
    "Scene.usda",
    "Immersive.usda"
  ],
  "recentIdentifiers" : {
    "AF09ED6F-1707-48FD-8720-65B998362C09" : [

    ],
    "D66134B1-3681-4A8E-AFE5-29F257229F3B" : [

    ]
  },
  "sceneCameraHistory" : {
    "005D48B7-5ABB-49F7-BB6E-58BB38970413" : [
      {
        "date" : 733840140.719805,
        "title" : "Untitled",
        "transform" : [
          0.99999994,
          0,
          -0,
          0,
          -0,
          0.8660254,
          -0.49999994,
          0,
          0,
          0.49999994,
          0.8660254,
          0,
          0,
          0.20862585,
          0.3613506,
          1
        ]
      }
    ],
    "7553D5BD-4E7E-45CE-A01A-D31C46FE658E" : [
      {
        "date" : 733839248.809513,
        "title" : "Untitled",
        "transform" : [
          0.99999994,
          0,
          -0,
          0,
          -0,
          0.8660254,
          -0.49999994,
          0,
          0,
          0.49999994,
          0.8660254,
          0,
          0,
          0.23028637,
          0.39886773,
          1
        ]
      }
    ],
    "AF09ED6F-1707-48FD-8720-65B998362C09" : [
      {
        "date" : 733906864.068408,
        "title" : "Untitled",
        "transform" : [
          0.9980108,
          -3.1929484e-10,
          -0.06304237,
          0,
          -0.0055532306,
          0.9961127,
          -0.08791206,
          0,
          0.06279731,
          0.088087276,
          0.99413127,
          0,
          -3.407217,
          0.34683135,
          2.664065,
          1
        ]
      },
      {
        "date" : 733906842.617076,
        "title" : "Untitled",
        "transform" : [
          0.9980108,
          -3.1929484e-10,
          -0.06304237,
          0,
          -0.0055532306,
          0.9961127,
          -0.08791206,
          0,
          0.06279731,
          0.088087276,
          0.99413127,
          0,
          -3.407217,
          0.34683135,
          2.664065,
          1
        ]
      },
      {
        "date" : 733906836.861987,
        "title" : "Untitled",
        "transform" : [
          0.9935936,
          -1.10682015e-08,
          -0.113012336,
          0,
          -0.009015356,
          0.99681294,
          -0.07926387,
          0,
          0.11265239,
          0.079775006,
          0.9904269,
          0,
          -5.21813,
          0.8743247,
          7.438028,
          1
        ]
      },
      {
        "date" : 733906806.55734,
        "title" : "Untitled",
        "transform" : [
          0.9935936,
          -1.10682015e-08,
          -0.113012336,
          0,
          -0.009015356,
          0.99681294,
          -0.07926387,
          0,
          0.11265239,
          0.079775006,
          0.9904269,
          0,
          -5.9279966,
          1.0810989,
          9.309394,
          1
        ]
      },
      {
        "date" : 733906764.894146,
        "title" : "Untitled",
        "transform" : [
          0.9835491,
          -1.1571238e-08,
          -0.1806407,
          0,
          0.0018944911,
          0.999945,
          0.010314008,
          0,
          0.180631,
          -0.01048647,
          0.983495,
          0,
          -4.9217997,
          -0.15277869,
          9.732578,
          1
        ]
      },
      {
        "date" : 733906753.00147,
        "title" : "Untitled",
        "transform" : [
          -0.89721847,
          -2.4893769e-08,
          -0.44158703,
          0,
          -0.30104434,
          0.7316016,
          0.6116628,
          0,
          0.32306573,
          0.68173254,
          -0.6564064,
          0,
          -5.0993295,
          7.0823855,
          -19.331726,
          1
        ]
      },
      {
        "date" : 733906724.03602,
        "title" : "Untitled",
        "transform" : [
          0.73885334,
          -5.695938e-08,
          -0.6738663,
          0,
          -0.06441173,
          0.9954212,
          -0.07062375,
          0,
          0.67078084,
          0.095585555,
          0.7354703,
          0,
          8.3150625,
          1.7113482,
          -6.5252047,
          1
        ]
      },
      {
        "date" : 733906675.932709,
        "title" : "Untitled",
        "transform" : [
          0.73885334,
          -5.695938e-08,
          -0.6738663,
          0,
          -0.06441173,
          0.9954212,
          -0.07062375,
          0,
          0.67078084,
          0.095585555,
          0.7354703,
          0,
          15.441511,
          2.72684,
          1.2885764,
          1
        ]
      },
      {
        "date" : 733906669.961054,
        "title" : "Untitled",
        "transform" : [
          0.17392768,
          -9.6838846e-08,
          0.98475844,
          0,
          0.28735495,
          0.9564786,
          -0.05075241,
          0,
          -0.9419004,
          0.29180253,
          0.16635816,
          0,
          -11.014271,
          5.294089,
          9.567407,
          1
        ]
      },
      {
        "date" : 733840994.907584,
        "title" : "Untitled",
        "transform" : [
          0.17392768,
          -9.6838846e-08,
          0.98475844,
          0,
          0.28735495,
          0.9564786,
          -0.05075241,
          0,
          -0.9419004,
          0.29180253,
          0.16635816,
          0,
          -8.5299,
          4.043172,
          6.834194,
          1
        ]
      }
    ],
    "D66134B1-3681-4A8E-AFE5-29F257229F3B" : [
      {
        "date" : 733905750.423864,
        "title" : "Untitled",
        "transform" : [
          0.9999344,
          -2.0836787e-08,
          -0.011462339,
          0,
          0.003667725,
          0.947424,
          0.31996015,
          0,
          0.010859746,
          -0.31998107,
          0.9473617,
          0,
          0.23727189,
          0.042705745,
          1.010814,
          1
        ]
      },
      {
        "date" : 733905745.85125,
        "title" : "Untitled",
        "transform" : [
          0.9994769,
          -2.0694506e-08,
          -0.03234185,
          0,
          0.01113217,
          0.9388951,
          0.34402344,
          0,
          0.030365653,
          -0.34420344,
          0.9384039,
          0,
          0.21836963,
          0.06610222,
          1.0166651,
          1
        ]
      },
      {
        "date" : 733905733.892689,
        "title" : "Untitled",
        "transform" : [
          0.94632214,
          -2.1550067e-08,
          -0.32322505,
          0,
          -0.26299083,
          0.58136046,
          -0.7699714,
          0,
          0.18791032,
          0.81364614,
          0.5501542,
          0,
          0.58477104,
          1.2831993,
          2.229391,
          1
        ]
      },
      {
        "date" : 733905732.135027,
        "title" : "Untitled",
        "transform" : [
          0.94632214,
          -2.1550067e-08,
          -0.32322505,
          0,
          -0.26299083,
          0.58136046,
          -0.7699714,
          0,
          0.18791032,
          0.81364614,
          0.5501542,
          0,
          0.564152,
          1.1134053,
          2.1850266,
          1
        ]
      },
      {
        "date" : 733905728.948977,
        "title" : "Untitled",
        "transform" : [
          0.94632214,
          -2.1550067e-08,
          -0.32322505,
          0,
          -0.26299083,
          0.58136046,
          -0.7699714,
          0,
          0.18791032,
          0.81364614,
          0.5501542,
          0,
          0.5533861,
          1.0247495,
          2.1618621,
          1
        ]
      },
      {
        "date" : 733905727.40457,
        "title" : "Untitled",
        "transform" : [
          0.94632214,
          -2.1550067e-08,
          -0.32322505,
          0,
          -0.26299083,
          0.58136046,
          -0.7699714,
          0,
          0.18791032,
          0.81364614,
          0.5501542,
          0,
          0.5405127,
          0.9187388,
          2.1341627,
          1
        ]
      },
      {
        "date" : 733905725.798208,
        "title" : "Untitled",
        "transform" : [
          0.94863343,
          -1.9226682e-08,
          -0.31637707,
          0,
          -0.22837102,
          0.6920686,
          -0.6847538,
          0,
          0.21895465,
          0.7218317,
          0.6565193,
          0,
          0.5753554,
          0.8766194,
          2.2439926,
          1
        ]
      },
      {
        "date" : 733905717.508897,
        "title" : "Untitled",
        "transform" : [
          0.9853863,
          -4.8745406e-08,
          -0.1703346,
          0,
          0.07788267,
          0.8893468,
          0.4505515,
          0,
          0.15148656,
          -0.45723322,
          0.8763501,
          0,
          0.55288583,
          0.024712462,
          2.4697506,
          1
        ]
      },
      {
        "date" : 733905713.194318,
        "title" : "Untitled",
        "transform" : [
          0.9853863,
          -4.8745406e-08,
          -0.1703346,
          0,
          0.07788267,
          0.8893468,
          0.4505515,
          0,
          0.15148656,
          -0.45723322,
          0.8763501,
          0,
          0.5341716,
          0.020575734,
          2.3777654,
          1
        ]
      },
      {
        "date" : 733905407.573588,
        "title" : "Untitled",
        "transform" : [
          0.96335447,
          -5.0980514e-08,
          -0.26823166,
          0,
          0.07763841,
          0.95719457,
          0.27883846,
          0,
          0.25674993,
          -0.2894452,
          0.92211765,
          0,
          2.115034,
          1.289964,
          7.296744,
          1
        ]
      }
    ]
  },
  "selectedSceneRelativePath" : "Immersive.usda"
}